[gd_scene load_steps=4 format=3 uid="uid://dg57mfnu5v5l2"]

[ext_resource type="PackedScene" uid="uid://dsj77wodlnis5" path="res://Secens/Player.tscn" id="1_edacr"]

[sub_resource type="WorldBoundaryShape3D" id="WorldBoundaryShape3D_t4f4o"]

[sub_resource type="PlaneMesh" id="PlaneMesh_6m7cp"]

[node name="World" type="Node3D"]

[node name="StaticBody3D" type="StaticBody3D" parent="."]

[node name="CollisionShape3D" type="CollisionShape3D" parent="StaticBody3D"]
transform = Transform3D(5, 0, 0, 0, 5, 0, 0, 0, 5, 0, 0, 0)
shape = SubResource("WorldBoundaryShape3D_t4f4o")

[node name="CSGMesh3D" type="CSGMesh3D" parent="."]
transform = Transform3D(50, 0, 0, 0, 50, 0, 0, 0, 50, 0, 0, 0)
mesh = SubResource("PlaneMesh_6m7cp")

[node name="CharacterBody3D" parent="." instance=ExtResource("1_edacr")]

[node name="DirectionalLight3D" type="DirectionalLight3D" parent="."]
transform = Transform3D(0.683771, -0.313349, -0.658992, 0.729697, 0.293628, 0.617515, 0, -0.903103, 0.429424, -136.409, 88.5251, 4.66225)

[node name="DirectionalLight3D2" type="DirectionalLight3D" parent="."]
transform = Transform3D(0.421495, 0.389415, 0.818962, -0.906831, 0.181, 0.380653, 0, -0.903103, 0.429424, 118.192, 88.5251, 4.66225)

[node name="DirectionalLight3D3" type="DirectionalLight3D" parent="."]
transform = Transform3D(0.0909049, 0.965835, -0.24269, -0.906831, 0.181, 0.380653, 0.411575, 0.185476, 0.892303, 20.2657, 88.5251, 65.1345)

[node name="DirectionalLight3D4" type="DirectionalLight3D" parent="."]
transform = Transform3D(0.090905, 0.965835, -0.24269, 0.84274, 0.0552334, 0.53548, 0.53059, -0.253202, -0.808927, 20.2657, 88.5251, -115.792)
